0.518400
0.768204
1.031002
0.940713
1.229203
1.287553
1.279412
0.416500
1.117048
1.248523
0.718502
0.497556
0.493895
2.725863
0.257997
0.665411
1.582840
0.799027
0.654153
0.763810
0.257805
1.340500
0.013027
0.384596
0.179549
0.802444
0.391340
0.239385
0.620960
0.007823
0.612961
0.684785
0.502521
0.861330
0.084121
0.039979
0.422862
0.839516
0.853015
0.585703
0.200483
0.075897
0.383381
0.835714
0.298359
0.159326
0.394922
0.039311
0.572616
0.745397
1.622455
1.254210
1.656592
0.353119
0.003254
0.512286
0.199476
0.757154
1.560608
0.196797
0.527911
1.159619
1.056006
1.051988
1.319270
0.165289
0.026783
0.182558
0.254664
2.000000
0.606242
1.000000
0.350497
1.182140
1.393722
0.000000
0.527266
0.566628
0.151898
0.307150
2.330466
0.532782
0.977499
1.368094
0.396988
1.138740
0.909690
0.831218
1.846840
0.833333
0.663830
1.371069
0.448617
0.125314
0.264837
0.018392
1.414301
1.216092
0.392205
0.059336
1.106244
0.209482
1.896313
0.274749
0.670872
0.328520
0.765473
0.310482
0.806789
0.827195
0.340444
0.112785
0.035836
0.462585
0.283868
2.000000
0.188077
2.349648
1.312899
1.064855
0.510634
1.296192
1.566975
1.027250
3.686113
0.715218
0.202914
1.123388
0.313849
0.630515
2.359725
0.465562
0.356110
1.988295
0.221946
1.273342
0.597528
0.919210
0.850268
0.885247
2.000000
0.256825
0.352599
2.000000
1.234468
0.422140
0.967803
0.925731
0.372198
0.270985
0.855238
0.031099
0.023726
0.908257
0.198491
1.000000
1.123487
0.307679
0.327932
1.205739
0.409580
0.198684
1.000000
1.296820
2.416013
0.388155
1.551123
2.037598
1.152690
0.211757
0.937500
2.361151
0.229948
0.473716
0.000000
0.718101
1.043454
1.143108
0.516450
2.548010
0.229125
1.272818
0.091228
0.226571
1.611077
0.351242
0.125743
1.198956
0.699982
0.009270
0.282252
2.233707
0.108945
0.845858
0.162780
0.246837
0.083160
2.863504
0.837965
1.755806
0.257502
0.424538
1.058789
0.960455
0.741377
0.152848
0.592063
0.267204
0.246893
0.236418
1.229164
0.090950
0.520360
0.169347
1.435859
1.639783
0.010550
0.500000
0.389487
1.840838
1.900885
0.756631
0.233133
0.983003
1.178220
0.309304
1.309410
0.085860
1.545673
1.696646
0.526072
0.080258
1.429705
0.315919
0.220965
3.040156
3.418247
0.000000
0.762224
0.201104
2.397261
2.369920
0.986722
0.263029
0.373131
0.358015
0.510918
0.151054
0.497549
0.469325
2.000000
0.983693
0.281754
0.862828
1.889026
1.498717
0.270758
1.000000
0.188250
0.723829
0.175927
0.314416
2.000000
0.696139
1.000000
0.221078
0.593184
0.567946
1.390882
0.049303
0.285063
0.104478
4.000000
0.272268
1.012861
0.888505
0.087496
0.662880
0.694805
0.000000
1.583333
1.301466
0.494204
1.483020
0.924378
1.030016
0.459058
0.286745
3.000000
0.156102
1.116277
0.846154
0.204977
1.010020
0.125773
0.069839
1.326599
0.287303
0.778229
1.411239
1.046147
1.986222
0.321237
1.333333
0.689919
0.034631
0.167124
0.199281
0.756886
1.937896
0.068591
1.514750
2.113371
0.053588
0.398242
0.343279
0.088465
0.194664
0.460776
1.500000
0.781895
0.200000
2.094993
0.205148
0.108173
0.324563
0.618734
0.851992
1.125000
0.191133
0.211153
0.660236
3.815409
0.192751
0.579775
0.218858
0.047694
0.229915
1.379249
0.413139
1.007156
0.426598
0.776786
1.546988
0.000000
0.527284
0.797387
0.948983
0.658584
1.000000
0.679532
0.405630
0.083747
1.352322
1.240114
0.571854
0.843422
1.631151
0.112903
0.034481
1.668948
0.743105
1.254551
0.143537
0.624260
0.024896
0.664908
0.000000
0.505006
0.717363
0.819131
0.269185
1.327604
0.484556
0.106010
0.489509
1.412815
0.768836
1.146169
2.791426
0.000408
1.743159
0.178959
1.024339
1.701477
0.089048
2.863587
0.407935
1.438938
1.164273
0.057034
1.202322
0.007481
0.103194
0.844522
0.136360
0.966785
0.645043
0.258493
0.237447
0.589312
0.853667
0.241889
0.365529
0.500000
2.071637
2.536448
0.113661
0.893295
0.865241
0.055056
0.180720
0.447430
0.004814
0.385534
1.777232
0.076518
0.831085
1.150440
0.532604
2.291854
0.229090
2.716557
0.819529
0.713192
0.425690
0.537313
0.414945
1.366083
0.617450
1.556439
0.125000
0.398311
2.409921
0.303938
2.312500
0.085535
1.273671
0.443158
0.546969
0.565939
0.262695
1.423489
2.959304
0.543480
0.399537
2.000000
0.250816
0.063774
0.235693
0.305305
0.395679
0.656519
1.144787
1.229049
0.915883
0.047208
0.278857
1.160607
1.053836
1.006607
1.000000
0.490433
0.521740
0.093933
2.395366
0.834271
2.193425
1.207146
0.000000
1.124097
0.489561
1.088156
0.481818
0.775397
0.070915
2.153180
0.365555
1.266853
0.214041
0.928571
0.406603
0.177253
0.109362
0.589130
0.301907
0.524229
0.187694
1.000000
1.919892
1.098431
0.500000
0.683052
0.377423
1.394486
1.197780
4.374705
0.266053
0.000000
0.063586
1.973629
0.494009
0.302532
0.142857
1.194989
0.398130
2.250000
0.222551
0.500000
0.601157
0.378571
2.603571
0.721333
1.772659
1.005201
0.500000
1.433775
2.517107
2.773874
0.893211
0.832895
0.835020
0.929542
0.493444
1.042993
1.266776
0.010996
0.596002
0.068460
0.262282
0.885537
0.483635
0.220294
0.750000
1.000000
0.859978
0.520940
0.339931
3.237808
0.840605
0.324014
0.616363
0.456709
0.743764
0.474059
0.937857
4.179439
0.090732
1.824803
0.587468
0.803099
1.893947
0.614857
0.330722
0.317281
0.521601
0.527468
0.296572
0.313633
0.103279
0.417529
0.000000
0.780029
0.422573
0.326911
2.177005
0.341706
0.066937
0.379282
0.377819
0.464718
2.512475
1.057033
2.754098
1.112338
1.451964
0.624933
0.466045
0.262317
2.174650
1.198499
0.000000
0.227866
0.008168
0.396589
3.269755
0.095943
0.231429
0.145374
0.008831
0.517423
0.420400
0.019582
2.000000
0.441179
0.417967
0.649586
0.506408
1.028650
0.130990
0.889812
0.919547
0.094495
0.013524
0.853933
2.328899
0.881290
0.015370
0.842557
0.049054
1.003054
0.260508
0.570235
0.275341
2.329840
0.000000
0.409033
0.078944
1.452766
0.635056
1.833333
1.491030
1.658172
1.246212
2.246782
0.613762
0.155294
2.618588
0.521395
2.830252
0.014299
0.258225
2.000000
1.000000
1.907347
0.264831
2.250000
0.674977
1.269595
1.423335
0.580116
1.676814
0.485094
0.433822
1.041442
0.631062
0.314589
0.021463
0.229894
0.476757
1.567575
0.952837
0.525121
0.000000
1.360793
0.689149
1.351724
0.653263
0.613757
1.466388
1.967053
0.011661
1.177115
2.673088
0.568153
0.210561
0.603816
0.330744
0.972916
0.245764
0.698510
0.058601
0.651559
0.106317
1.624185
1.568908
0.649687
0.635397
2.899565
0.500000
0.685729
0.858112
0.400837
0.667850
3.025041
0.971501
0.882770
0.478771
1.184614
2.104969
0.251290
0.994283
1.698090
0.264720
1.654603
2.699456
2.000000
1.455335
0.117444
0.884172
0.619408
0.130710
0.244097
1.077919
0.423450
0.254147
0.120957
0.494645
0.780334
1.219062
1.251220
0.101215
0.025384
1.162777
0.134346
1.119478
0.364973
1.785283
0.187035
1.172222
0.785568
0.177538
0.188258
0.415093
0.500000
0.569594
0.274553
0.304492
0.451702
0.618090
1.000000
1.000000
0.254592
1.723751
0.165529
1.713935
0.000000
0.854235
0.346132
0.780102
0.006185
3.067295
0.986046
0.033544
0.146588
0.126960
0.494417
0.405148
0.460470
0.178828
0.752054
1.448798
0.869635
0.266228
2.828153
1.055780
0.529630
0.875857
0.722288
0.613763
0.941967
0.144693
0.392654
0.640759
0.225868
0.544450
1.108687
0.497789
0.076347
0.945708
0.018388
0.035474
0.309201
0.427337
0.418412
0.841270
0.159091
1.183515
0.834470
0.422469
1.348022
1.000000
0.440602
0.117578
2.543363
0.344828
0.091232
1.472163
0.078826
2.890816
0.269638
1.112264
0.294246
0.074495
0.374150
0.734392
2.991596
0.684538
1.300000
1.607406
0.832963
0.477255
0.278265
0.923941
0.607554
0.356262
0.214244
0.753817
1.293426
1.000000
2.197263
0.217195
1.068945
0.377488
0.279256
0.272236
0.629144
0.438869
0.046952
0.475092
0.917874
0.016374
2.000000
1.500000
1.210462
0.167140
0.477341
0.137716
0.326423
1.052770
0.666667
0.536610
0.273839
0.478115
0.611788
0.245549
0.325767
0.119979
3.053863
0.130046
0.940712
0.221438
0.767649
0.872187
0.855549
0.018977
2.528329
0.500000
0.873404
0.835945
0.743182
0.291991
0.905886
1.360659
1.504972
1.567336
1.500212
0.929056
0.067046
0.277664
0.318728
1.823295
0.588869
2.583774
0.728776
0.101417
0.127254
1.669565
0.786717
0.156430
0.106333
2.568975
0.581886
0.500000
0.000000
0.133357
0.125146
0.270961
0.886970
0.713061
0.123270
2.339100
0.000000
1.020209
0.248981
0.799503
1.068038
0.333460
0.859311
1.000000
0.297530
1.000000
0.660200
1.000000
0.333269
0.538091
0.071446
0.549254
0.169314
0.280587
0.389874
0.903129
1.202511
0.860863
0.880119
0.092641
0.558114
0.811920
0.309618
0.607261
1.000000
1.333333
1.403877
1.500000
0.435345
1.662817
0.392634
0.708674
1.563252
0.423358
0.659916
0.382217
1.342817
0.112321
0.760362
0.459460
0.990229
0.785218
0.577486
0.220355
1.865990
0.718325
0.342440
0.686412
1.524375
0.765386
0.666582
0.370816
3.647186
2.134928
0.704835
0.146558
0.511050
0.474271
0.518077
0.117877
1.415334
1.449125
3.319827
2.103139
0.942653
0.801032
2.043043
1.234175
1.274634
1.616146
0.726025
0.184136
0.860528
2.097111
0.555734
0.310723
0.438369
0.710573
1.500322
0.481929
1.250942
0.580049
0.187773
0.007333
0.119614
0.786865
0.373473
1.389728
0.844476
1.171953
0.444167
0.286088
1.561383
1.089084
0.614387
0.001722
0.577935
0.000000
0.314239
0.000000
0.105685
0.726504
0.000000
1.660709
0.178463
0.479063
0.538389
0.353235
0.619728
1.088634
0.897556
0.338070
0.373650
2.561139
1.776176
1.942990
0.120170
0.961526
1.507207
0.005235
1.001799
0.160360
0.026132
1.113252
0.303865
1.877657
0.303818
0.833053
1.104877
0.154674
0.613613
0.100972
2.088471
0.966120
0.561777
0.845974
0.565379
0.132092
1.833333
1.005935
0.714407
1.120946
0.783025
1.497944
0.586334
0.689496
0.679947
0.408715
2.505602
0.287590
0.230038
0.297737
1.798085
0.750000
1.028567
0.083765
0.946300
0.391892
0.693966
0.668403
0.492626
0.994942
0.095276
0.955378
1.080967
1.604221
1.250000
0.243816
0.032772
0.612425
0.915312
1.743407
1.701799
0.314968
0.250852
3.941820
1.183785
0.227054
0.133896
1.731356
0.384818
1.788550
0.242101
0.000000
0.725071
0.100724
2.500000
1.435589
0.282161
0.565154
2.117079
0.081333
0.803555
0.691773
1.139159
0.092901
0.249491
0.100519
0.881004
0.632157
1.749305
0.235283
0.159093
3.481184
0.337354
0.300151
2.042277
0.061339
0.149863
0.394415
0.715168
0.936657
0.789388
0.728833
1.588137
2.194405
0.536885
0.345360
0.394932
0.750000
0.500000
0.654040
0.398810
0.692759
1.125687
1.922649
0.278483
0.569831
0.444005
0.851005
0.706236
0.554269
1.795238
0.154306
0.000000
0.738413
0.367876
1.949735
0.059265
1.000000
0.884834
0.869712
0.097328
0.699756
0.918371
0.026957
0.222788
1.694420
0.814606
0.127045
0.206049
1.649857
0.810539
0.483205
0.785321
0.102263
0.500000
0.846187
1.768809
0.565128
0.016590
1.000000
0.348080
0.921237
0.866558
0.362675
0.017165
1.424298
0.389725
0.121425
0.215087
0.569758
1.139807
0.206438
0.128810
0.434894
0.518779
1.183533
0.687423
0.011075
1.485645
0.842085
0.405785
1.000000
0.260819
0.522864
0.545314
0.925577
1.009050
0.875691
0.845125
0.000000
0.635190
1.827152
0.957360
2.407698
0.268008
1.013667
0.894443
0.000000
0.822585
2.076763
1.336209
0.574628
1.011183
0.752536
1.158022
0.910533
1.532854
1.084226
0.600000
1.000000
0.591378
0.121388
1.254386
0.072273
0.024378
3.000000
2.313022
1.097338
0.457197
1.233511
0.286469
0.593379
1.089618
2.263749
0.000000
0.266379
0.712622
1.014515
1.481420
0.406564
1.179458
1.930204
0.005215
3.000000
0.559693
0.623120
0.781423
0.428191
0.378032
1.000000
0.369908
0.168678
0.232203
1.002471
1.000000
0.867996
0.420965
0.761200
0.869118
2.786371
0.556458
0.015192
2.000000
2.763433
1.767121
3.224164
2.000000
0.003226
0.246757
0.889027
0.458418
0.680141
0.258193
0.500000
0.474188
1.624437
0.683712
0.162713
1.025819
3.000000
1.944215
0.011583
0.352659
0.927392
1.820539
1.926504
0.431843
1.437504
0.172504
0.355234
3.610769
0.897679
0.243878
0.330066
0.048605
0.179085
1.432109
0.030723
2.013941
0.124103
0.610236
0.220730
0.135261
1.402941
0.078151
0.572081
0.128818
1.142026
1.204185
1.303643
0.613038
1.000000
0.302542
0.588063
2.000000
1.130222
0.855328
0.070880
0.536740
1.216650
0.636133
0.129061
1.124329
0.729455
0.191396
0.458015
0.355012
0.257710
0.446024
0.815413
0.128579
0.018391
1.026694
0.859072
0.727682
1.000000
2.551655
0.976515
0.007831
0.458288
2.586182
2.914919
1.522269
0.862525
0.394248
0.977769
2.721322
0.210716
0.581451
1.628626
1.500000
0.700155
0.565312
0.205049
0.316386
0.807818
1.315188
0.860050
1.107143
1.000000
2.000000
1.340795
1.955148
0.170872
1.052191
0.576537
0.821584
0.449706
1.082672
0.284658
0.686806
0.017768
0.050156
1.000000
0.069750
0.792702
0.626623
2.159797
0.515379
1.261388
1.187389
0.586877
1.833333
0.348902
1.236259
0.769995
1.060108
0.228277
0.074662
0.703862
1.967466
0.578173
3.004364
1.000000
0.587686
0.571766
0.425434
0.264144
0.496544
1.232436
0.619576
0.250715
0.939680
0.307483
2.210314
1.269595
0.655619
0.252877
0.203701
1.289798
0.299398
0.000000
0.746256
0.846510
1.342843
1.254419
2.481199
0.499842
0.421878
0.104140
0.029291
2.500459
1.274656
0.966626
2.059394
0.709019
0.175156
0.124393
1.018557
0.355189
0.864696
0.024453
0.343375
0.137432
0.319814
1.131612
0.386039
1.985219
1.091454
0.060458
0.969782
0.000000
0.310699
0.327222
0.414434
0.290755
0.925815
0.574916
1.080169
0.572028
0.570157
1.582952
1.736575
1.792386
0.646515
3.214983
0.600280
0.457531
1.000000
0.727273
1.728466
0.011327
0.152436
1.299685
0.043111
0.381806
0.663207
0.998733
1.591732
0.334745
0.888054
0.120506
0.586350
1.000000
0.664063
0.966024
0.202209
0.552971
0.715235
0.438874
0.579884
0.569941
0.031744
0.836241
0.147615
0.589170
0.088238
0.467828
0.256733
1.000000
0.031739
1.004720
0.000000
1.418514
1.177361
1.000000
1.622689
0.516804
0.604880
0.194557
0.425621
0.159367
0.000000
1.375815
0.552782
2.000000
0.071019
0.448550
0.091613
0.160164
1.223991
0.600000
0.215053
0.369984
0.973404
2.044920
0.051652
0.833436
0.225872
0.522953
1.000000
0.258555
0.826962
0.506385
0.577476
1.669216
1.789184
1.510390
0.099847
1.240539
0.965429
0.632054
0.519085
1.339760
1.000000
0.844729
0.260267
0.538069
1.200000
0.000000
1.213846
1.190869
0.427115
0.331139
0.733803
0.254131
0.042288
0.173583
0.206682
0.152814
0.506456
1.049478
0.615385
1.282199
2.259380
3.000000
0.763877
0.153961
1.069556
0.719083
0.458305
0.912308
1.346628
1.538438
0.677934
0.871694
0.876245
0.689767
0.228904
1.408035
0.726215
0.700365
0.594168
0.662774
0.322435
0.455132
0.637017
1.964880
1.760870
0.493372
0.376609
0.585632
0.225067
0.631392
0.761183
1.102395
0.599400
0.252870
0.372299
0.147739
0.422598
2.137862
0.659108
0.360444
0.490485
1.000000
0.907554
1.000000
1.135968
0.828499
0.931885
0.706673
0.181368
0.000000
0.373606
0.918409
0.983643
0.811338
0.279911
0.162870
0.289087
0.229136
1.398377
1.324240
1.775307
0.787385
2.028800
0.901739
0.000000
1.606875
1.411584
0.073249
0.416667
0.305251
1.098522
0.257655
0.000000
0.347839
0.839278
1.118544
0.229996
0.418554
1.000000
0.590442
1.178601
0.809843
1.168833
0.830583
1.299256
0.422467
1.103559
1.098159
2.451854
0.817966
1.061982
0.225304
1.439078
1.403511
0.246395
0.460102
0.500000
0.497094
1.386267
0.114156
1.249555
0.486818
0.183743
0.091851
0.372043
2.319325
1.222649
0.309259
0.309745
2.000000
0.374867
0.460841
0.257490
0.448901
0.045804
0.232744
1.000000
0.759043
1.067377
0.751909
2.272727
0.598704
0.468855
2.698950
0.347445
1.628630
1.150204
0.233651
0.725774
0.429239
1.392190
1.961180
0.601794
1.000000
0.183903
0.475593
1.178407
0.174414
0.032216
2.625351
0.445638
0.237373
0.810050
2.814908
0.770834
0.106541
2.086136
1.499472
0.000000
0.577075
2.285713
1.034018
0.576193
0.801894
0.803069
1.092861
0.173953
0.717412
0.373119
2.099419
0.622561
0.712326
0.441585
0.000000
2.000000
1.809837
0.021911
0.438023
0.258769
1.364326
0.291790
0.031931
1.500000
0.231692
0.148101
1.031929
1.000000
2.443128
0.321516
1.159560
1.158981
1.673915
0.318878
0.898301
1.000000
0.376262
0.636995
0.060431
0.420301
1.734007
0.000000
0.277834
0.416220
0.170970
0.104675
0.781626
0.500000
0.000000
0.405029
0.554604
0.697761
2.000000
0.161736
0.111412
0.112247
1.175549
0.261845
1.244122
0.756376
0.137713
0.347150
0.013037
0.068316
1.000000
0.139875
4.061497
0.572351
0.342152
1.897563
1.088142
1.868193
0.160566
2.000000
0.032704
0.622796
0.245387
0.780874
0.170252
0.070363
0.083844
1.039806
1.826170
0.364405
0.511250
0.000000
0.175815
1.304952
0.345373
0.514784
3.268484
0.828404
0.139167
0.000000
0.657012
0.000000
0.567443
0.251792
0.656722
0.131088
0.345294
0.212032
0.562151
0.651480
0.399800
0.083639
1.113686
1.743046
2.000000
2.347624
0.488301
0.467338
2.000000
1.648206
0.870439
0.339141
0.349227
0.055392
1.315984
2.666667
0.250000
0.500000
0.304646
4.500000
0.087695
0.431985
0.422420
0.069375
1.331968
0.799073
2.023449
0.312371
0.121010
3.146382
1.051842
0.379066
0.285769
0.611949
2.000000
0.057228
0.766214
0.440176
0.156237
0.323543
0.052227
1.269361
0.455541
1.248757
1.640734
2.059174
0.024948
1.117227
3.792579
0.417491
0.595582
0.720793
2.704545
0.210929
0.087755
0.239242
1.547486
0.042629
0.469440
0.697147
1.038157
0.068856
2.915123
0.542567
0.343147
0.888535
0.790391
1.211813
1.197461
1.117095
1.334165
0.363715
1.807852
0.035130
0.500000
0.707518
1.109181
1.197210
0.083058
0.493711
0.268437
0.995489
0.391393
0.574710
1.331054
0.704265
0.517938
1.026433
0.321508
0.389547
1.340347
0.030919
0.766189
0.010238
1.865173
0.675159
0.665698
1.505261
1.587525
0.612500
1.062500
1.061756
2.140714
0.432877
0.985565
0.061854
0.991914
0.036973
0.321578
1.042203
0.162107
2.000000
0.774277
3.000000
1.282618
1.040759
0.078546
0.647694
1.000000
0.000000
1.906314
0.649759
1.916605
0.167589
0.306825
0.528666
2.388156
2.205590
0.188821
0.384618
2.352631
0.624452
0.275269
0.051906
1.669141
0.742643
0.055140
0.751721
0.623107
0.505329
0.884938
1.231278
0.509155
0.859473
0.082455
0.859355
0.217596
1.553643
0.229600
1.106344
1.000000
0.500000
0.442377
0.702503
0.168223
0.000000
0.835463
0.186626
1.177522
3.452725
0.168748
1.118009
0.592872
0.106865
0.062467
0.144568
0.760670
0.517027
0.048172
0.571116
0.143746
1.272119
0.104222
0.400000
1.250500
1.012459
0.120771
0.395439
0.170389
0.472277
1.000000
0.656461
1.220923
0.963761
0.964753
0.272046
0.090207
0.466965
0.934585
1.216163
1.000000
1.089144
0.208333
0.765015
1.000000
0.126034
1.400000
1.288446
1.342422
0.064862
1.730911
0.393183
0.590392
0.478163
0.078264
0.004516
0.795345
0.223048
0.344607
0.369600
1.000000
0.281328
0.034735
1.742057
1.241406
1.108234
0.000000
0.199850
0.380810
0.076338
0.305952
0.173762
0.490416
0.130217
0.970858
0.629049
1.646798
0.437864
0.021316
0.017676
0.241698
0.550887
0.347768
0.673992
0.139952
0.066133
1.463525
0.000000
1.290733
2.639921
1.717466
0.426946
0.291982
2.000000
2.020245
0.168737
1.280879
0.000000
0.150594
0.565169
0.404081
0.162265
0.454233
0.024599
1.745649
1.241737
0.166667
0.000000
0.509442
2.785969
0.216010
1.939614
0.251368
1.395125
0.020447
1.833316
0.377857
0.187752
2.000000
0.103740
0.643447
3.460331
0.511668
0.770520
0.306490
0.237765
0.000000
0.270106
0.461517
1.059142
0.044609
1.097140
0.864008
0.263264
1.968291
0.945631
1.446208
0.957937
0.640189
0.256936
0.113922
0.400000
1.760091
2.317497
0.747926
0.131885
0.041832
0.670171
0.837353
0.152456
0.189933
0.138374
1.021373
0.500000
3.007410
0.301102
0.000000
0.853852
0.258797
0.000000
0.265958
0.690699
0.370184
0.777135
1.195966
0.383526
1.665756
0.927378
1.071705
2.571429
0.303429
1.144559
1.551883
0.883288
0.777508
0.408240
0.003763
1.000000
0.569594
0.198829
2.101570
0.000000
1.000000
0.773997
1.004838
0.831773
0.000000
0.148852
0.438278
1.715275
0.000000
0.067678
0.210343
0.902360
1.014404
0.248021
0.360975
0.462946
0.799752
0.477842
0.403153
0.272264
0.606145
0.108891
1.000000
0.086434
1.463228
0.000000
1.010810
0.550410
1.943726
0.792098
1.000000
2.659875
1.901284
0.213465
0.366491
2.514319
0.000000
0.151785
3.000000
0.654098
0.029212
0.972309
1.000000
1.405444
3.660212
0.704949
0.090911
0.110632
0.063045
1.808703
0.929638
1.199113
0.102645
1.044188
0.288861
0.222607
1.636364
0.864289
0.000000
0.000000
1.000000
0.500000
0.242540
0.228085
1.282480
0.184177
0.463555
0.407171
1.134903
2.708992
0.053496
0.214485
1.055285
0.415888
1.334954
1.319302
0.457489
0.370608
0.198754
2.461847
0.906808
0.862856
0.899140
1.766311
1.699611
0.000000
1.360418
0.689408
0.185185
0.490094
0.256774
0.964632
0.195417
1.251524
1.250000
1.751429
1.679545
0.540399
1.619431
0.686544
0.483770
0.486651
0.336678
1.011663
0.985112
0.419757
0.417290
0.037638
0.047078
1.893134
0.185275
0.108774
0.122726
0.250000
1.133107
0.296163
0.909027
0.730930
0.041530
0.306562
0.638034
3.000000
0.596275
1.549700
0.463521
0.932978
0.751214
1.718273
1.635475
0.298135
2.041776
0.993583
0.397527
